seqraOrg=seqrateam
seqraBuildVersion=2025.08.27.74829e4
seqraIrVersion=2025.08.27.4779942
seqraConfigVersion=2025.08.27.8eca1d7
seqraUtilVersion=2025.08.27.aff9d49
